11520.790417334249
11520.790417334249
11520.790417334249
11520.790417334249
11520.790417334249
11520.790417334249
11520.790417334249
11520.790417334249
11520.790417334249
11520.790417334249
11520.790417334249
11520.790417334249
11520.790417334249
11520.790417334249
11520.790417334249
11520.790417334249
11520.790417334249
11520.790417334249
11520.790417334249
11520.790417334249
11520.790417334249
11520.790417334249
11520.790417334249
11520.790417334249
11520.790417334249
11520.790417334249
11520.790417334249
11520.790417334249
11520.790417334249
